A=[0 1 2 3 4 ; 5 6 7 8 9; -1 -2 -3 -4 -5; -6 -7 -8 -9 0]
A1 = A(3:4,2:4)
A2 = A(1:3,[1,5])
A3 = A(:,[2,3,5])
